%YAML:1.0
---
extrinsicRotation: !!opencv-matrix
   rows: 3
   cols: 3
   dt: d
   data: [ 8.3361597089227635e-03, -9.9996090965859585e-01,
       -2.9474728260842336e-03, 9.9996525277157577e-01,
       8.3360022826539648e-03, 6.5691868848984829e-05,
       -4.1119160725106236e-05, -2.9479180274829750e-03,
       9.9999565403481527e-01 ]
extrinsicTranslation: !!opencv-matrix
   rows: 3
   cols: 1
   dt: d
   data: [ 1.0679430145663498e+00, -1.9788911626461615e-02,
       -6.3257019490621569e-02 ]
